7475.071407541526
7568.6790660201705
8139.783824890919
9220.40997741896
9606.227747606581
9127.27194940626
9129.21309761475
8785.885091365382
8945.581900676942
8754.572268838461
9097.308680848391
9396.10794502645
9032.086260524718
8983.84613290311
9280.35047425239
9414.95395940462
8921.867594879819
8784.29552203548
9088.400819942437
9122.313752758213
9429.039486423315
8998.716902560305
8977.895038839257
8770.44795957687
9201.576329676689
8688.735959679796
9109.41423044846
9422.19774518851
8999.311340739849
9027.39323002418
9275.848423437581
8648.45936573297
9140.869771197371
9471.29097147689
8902.82726344492
9507.855528398455
9489.49738572605
9499.20051052919
9300.366327840931
9485.809088596643
8864.10186678456
8936.061221922906
8693.751262686425
9409.7677976357
9261.782269525345
9379.59364165316
9256.500151390206
9387.599416447969
9591.140623140984
9542.865269772461
9687.278167581575
9465.153652353001
9362.88313646957
9258.32897277576
9184.458797628873
9511.982629116384
9730.867704289823
8718.779346798374
8906.93881255007
8743.124645908612
